01.09
01.10
01.12
01.99
03.0101
03.0103
03.0104
03.02
03.0201
03.03
03.05
03.0509
03.06
03.99
04.02
04.0201
11.01
11.0101
11.0104
11.04
11.0401
11.07
14.01
14.0101
14.02
14.0201
14.03
14.04
14.05
14.0501
14.06
14.07
14.0701
14.0702
14.08
14.0801
14.0803
14.0805
14.09
14.0901
14.10
14.1001
14.1003
14.1099
14.11
14.1101
14.12
14.1201
14.13
14.1301
14.14
14.1401
14.18
14.1801
14.19
14.1901
14.20
14.2001
14.21
14.22
14.2201
14.23
14.2301
14.24
14.25
14.27
14.2701
14.28
14.31
14.32
14.3201
14.3701
14.99
14.9999
19.05
26.01
26.0101
26.0202
26.0203
26.0204
26.03
26.0301
26.0305
26.0307
26.04
26.0401
26.0403
26.0406
26.0499
26.05
26.0502
26.0503
26.0504
26.0505
26.0507
26.0508
26.07
26.0701
26.0702
26.0707
26.0804
26.0805
26.0806
26.09
26.0901
26.0902
26.0910
26.0911
26.1001
26.1004
26.1101
26.1102
26.1201
26.1301
26.1303
26.1309
26.99
27.01
27.0101
27.03
27.0301
27.0305
27.05
27.0501
27.0502
27.99
30.01
30.06
30.0601
30.08
30.10
30.1901
40.02
40.0201
40.05
40.0501
40.0507
40.06
40.0601
40.0607
40.0699
40.08
40.0801
40.0807
40.0899
40.9999
52.1201
52.1301
52.1304
